Linux 6.8.0-41-generic (lloyddesk) 	2026-03-27 	_x86_64_	(16 CPU)

23:21:25        CPU      %usr     %nice      %sys   %iowait    %steal      %irq     %soft    %guest    %gnice     %idle
23:30:01        all      2.05      0.11      0.59      0.21      0.00      0.00      0.01      0.00      0.00     97.03
23:30:01          0      1.08      0.06      0.46      0.45      0.00      0.00      0.06      0.00      0.00     97.88
23:30:01          1      2.66      0.01      0.61      0.20      0.00      0.00      0.00      0.00      0.00     96.52
23:30:01          2      2.71      0.08      0.71      0.39      0.00      0.00      0.09      0.00      0.00     96.01
23:30:01          3      2.22      0.58      0.66      0.23      0.00      0.00      0.00      0.00      0.00     96.30
23:30:01          4      1.65      0.21      0.46      0.19      0.00      0.00      0.00      0.00      0.00     97.49
23:30:01          5      1.93      0.00      0.57      0.06      0.00      0.00      0.00      0.00      0.00     97.43
23:30:01          6      2.69      0.04      0.68      0.15      0.00      0.00      0.00      0.00      0.00     96.43
23:30:01          7      1.64      0.23      0.47      0.05      0.00      0.00      0.00      0.00      0.00     97.61
23:30:01          8      2.23      0.01      0.43      0.10      0.00      0.00      0.00      0.00      0.00     97.23
23:30:01          9      1.57      0.00      0.62      0.03      0.00      0.00      0.01      0.00      0.00     97.78
23:30:01         10      1.85      0.01      0.44      0.44      0.00      0.00      0.00      0.00      0.00     97.26
23:30:01         11      1.81      0.10      0.60      0.10      0.00      0.00      0.00      0.00      0.00     97.38
23:30:01         12      1.91      0.17      0.53      0.04      0.00      0.00      0.00      0.00      0.00     97.35
23:30:01         13      2.77      0.00      0.75      0.12      0.00      0.00      0.00      0.00      0.00     96.35
23:30:01         14      1.93      0.00      0.59      0.79      0.00      0.00      0.00      0.00      0.00     96.69
23:30:01         15      2.12      0.20      0.86      0.06      0.00      0.00      0.00      0.00      0.00     96.76
23:40:00        all      3.34      0.05      0.78      0.66      0.00      0.00      0.02      0.00      0.00     95.16
23:40:00          0      1.61      0.00      0.64      0.87      0.00      0.00      0.12      0.00      0.00     96.76
23:40:00          1      3.10      0.21      0.79      0.86      0.00      0.00      0.01      0.00      0.00     95.03
23:40:00          2      4.45      0.00      0.81      0.67      0.00      0.00      0.07      0.00      0.00     93.99
23:40:00          3      3.57      0.00      0.74      0.71      0.00      0.00      0.01      0.00      0.00     94.98
23:40:00          4      4.99      0.00      0.77      0.64      0.00      0.00      0.00      0.00      0.00     93.60
23:40:00          5      3.58      0.25      0.61      0.62      0.00      0.00      0.00      0.00      0.00     94.93
23:40:00          6      2.93      0.00      0.56      0.60      0.00      0.00      0.00      0.00      0.00     95.90
23:40:00          7      3.83      0.00      0.81      0.52      0.00      0.00      0.00      0.00      0.00     94.83
23:40:00          8      2.94      0.00      0.65      0.64      0.00      0.00      0.01      0.00      0.00     95.77
23:40:00          9      2.02      0.04      1.14      0.41      0.00      0.00      0.02      0.00      0.00     96.38
23:40:00         10      2.90      0.00      0.73      0.66      0.00      0.00      0.00      0.00      0.00     95.71
23:40:00         11      3.35      0.00      0.85      0.60      0.00      0.00      0.01      0.00      0.00     95.19
23:40:00         12      2.79      0.00      0.77      0.79      0.00      0.00      0.00      0.00      0.00     95.64
23:40:00         13      3.81      0.28      0.85      0.60      0.00      0.00      0.01      0.00      0.00     94.45
23:40:00         14      3.73      0.01      0.77      0.62      0.00      0.00      0.00      0.00      0.00     94.86
23:40:00         15      3.86      0.00      0.89      0.71      0.00      0.00      0.01      0.00      0.00     94.54
23:50:11        all      3.62      0.02      1.01      0.21      0.00      0.00      0.02      0.00      0.00     95.11
23:50:11          0      1.87      0.17      1.02      0.82      0.00      0.00      0.12      0.00      0.00     96.00
23:50:11          1      3.70      0.00      1.10      0.37      0.00      0.00      0.01      0.00      0.00     94.81
23:50:11          2      3.67      0.00      1.19      0.40      0.00      0.00      0.19      0.00      0.00     94.55
23:50:11          3      4.05      0.00      1.10      0.31      0.00      0.00      0.00      0.00      0.00     94.53
23:50:11          4      3.16      0.00      0.96      0.15      0.00      0.00      0.01      0.00      0.00     95.72
23:50:11          5      3.86      0.00      0.94      0.17      0.00      0.00      0.00      0.00      0.00     95.02
23:50:11          6      3.63      0.00      0.97      0.32      0.00      0.00      0.00      0.00      0.00     95.08
23:50:11          7      3.75      0.00      0.93      0.14      0.00      0.00      0.00      0.00      0.00     95.18
23:50:11          8      3.68      0.21      0.77      0.11      0.00      0.00      0.00      0.00      0.00     95.23
23:50:11          9      2.37      0.00      1.21      0.13      0.00      0.00      0.02      0.00      0.00     96.27
23:50:11         10      2.94      0.00      0.80      0.12      0.00      0.00      0.00      0.00      0.00     96.14
23:50:11         11      3.64      0.00      0.90      0.07      0.00      0.00      0.00      0.00      0.00     95.38
23:50:11         12      4.12      0.00      1.04      0.11      0.00      0.00      0.00      0.00      0.00     94.73
23:50:11         13      5.05      0.00      1.05      0.08      0.00      0.00      0.01      0.00      0.00     93.81
23:50:11         14      5.17      0.00      1.35      0.04      0.00      0.00      0.01      0.00      0.00     93.42
23:50:11         15      3.21      0.00      0.88      0.05      0.00      0.00      0.00      0.00      0.00     95.85
Average:        all      3.05      0.06      0.80      0.37      0.00      0.00      0.02      0.00      0.00     95.70
Average:          0      1.54      0.08      0.72      0.73      0.00      0.00      0.10      0.00      0.00     96.83
Average:          1      3.18      0.08      0.85      0.49      0.00      0.00      0.01      0.00      0.00     95.40
Average:          2      3.65      0.03      0.92      0.49      0.00      0.00      0.12      0.00      0.00     94.80
Average:          3      3.34      0.17      0.84      0.43      0.00      0.00      0.00      0.00      0.00     95.22
Average:          4      3.34      0.06      0.74      0.33      0.00      0.00      0.00      0.00      0.00     95.52
Average:          5      3.19      0.09      0.72      0.29      0.00      0.00      0.00      0.00      0.00     95.71
Average:          6      3.11      0.01      0.74      0.37      0.00      0.00      0.00      0.00      0.00     95.77
Average:          7      3.14      0.07      0.75      0.25      0.00      0.00      0.00      0.00      0.00     95.79
Average:          8      2.99      0.08      0.63      0.29      0.00      0.00      0.00      0.00      0.00     96.01
Average:          9      2.01      0.01      1.01      0.20      0.00      0.00      0.02      0.00      0.00     96.76
Average:         10      2.60      0.00      0.67      0.40      0.00      0.00      0.00      0.00      0.00     96.33
Average:         11      2.99      0.03      0.79      0.26      0.00      0.00      0.01      0.00      0.00     95.92
Average:         12      3.00      0.05      0.79      0.32      0.00      0.00      0.00      0.00      0.00     95.83
Average:         13      3.94      0.10      0.89      0.27      0.00      0.00      0.01      0.00      0.00     94.79
Average:         14      3.70      0.00      0.92      0.47      0.00      0.00      0.01      0.00      0.00     94.90
Average:         15      3.11      0.06      0.87      0.28      0.00      0.00      0.00      0.00      0.00     95.67

23:21:25       proc/s   cswch/s
23:30:01        13.23   4842.31
23:40:00         3.21   8519.42
23:50:11        33.03   9085.36
Average:        16.77   7620.07

23:21:25     pswpin/s pswpout/s
23:30:01         0.00      0.00
23:40:00         0.00      0.05
23:50:11         0.00      0.98
Average:         0.00      0.36

23:21:25     pgpgin/s pgpgout/s   fault/s  majflt/s  pgfree/s pgscank/s pgscand/s pgsteal/s    %vmeff
23:30:01       272.61   2709.27  10235.66      1.00  11497.97      0.00      0.00      0.00      0.00
23:40:00       497.94   2021.44   6556.03      0.78   9444.25    418.57      0.32    743.36    177.46
23:50:11       236.38   2072.62  10615.85      0.54  12853.95    492.67      1.26    909.29    184.09
Average:       337.92   2245.29   9094.22      0.76  11265.94    319.62      0.56    579.79    181.08

23:21:25          tps      rtps      wtps      dtps   bread/s   bwrtn/s   bdscd/s
23:30:01       102.50     17.45     85.05      0.00    460.85   5418.55      0.00
23:40:00        80.96      4.74     76.22      0.00    990.02   4042.89      0.00
23:50:11        44.90      6.12     38.78      0.00    439.01   4145.25      0.00
Average:        74.63      9.03     65.60      0.00    636.63   4490.58      0.00

23:21:25    kbmemfree   kbavail kbmemused  %memused kbbuffers  kbcached  kbcommit   %commit  kbactive   kbinact   kbdirty  kbanonpg    kbslab  kbkstack   kbpgtbl  kbvmused
23:30:01      3159192   5447600   1486268     18.64     91544   2897304   7260640     59.66   2389420   1451432        16   1309340    341240     18144     29728     38672
23:40:00      1221036   3767544   2887832     36.21    109720   3374424  15225004    125.10   3916068   2089988        92   2694928    382536     23008     48252     43744
23:50:11       493288   3207456   3342356     41.91     97068   3628428  18644928    153.21   3272736   3378508        96   3119308    414408     24656     53568     45304
Average:      1624505   4140867   2572152     32.25     99444   3300052  13710191    112.66   3192741   2306643        68   2374525    379395     21936     43849     42573

23:21:25    kbswpfree kbswpused  %swpused  kbswpcad   %swpcad
23:30:01      4194300         0      0.00         0      0.00
23:40:00      4194044       256      0.01       124     48.44
23:50:11      4191228      3072      0.07      1928     62.76
Average:      4193191      1109      0.03       684     61.66

23:21:25    kbhugfree kbhugused  %hugused kbhugrsvd kbhugsurp
23:30:01            0         0      0.00         0         0
23:40:00            0         0      0.00         0         0
23:50:11            0         0      0.00         0         0
Average:            0         0      0.00         0         0

23:21:25    dentunusd   file-nr  inode-nr    pty-nr
23:30:01        95589     10016     75703         1
23:40:00        71305     13280     70747         4
23:50:11        88040     14176     79844         4
Average:        84978     12491     75431         3

23:21:25      runq-sz  plist-sz   ldavg-1   ldavg-5  ldavg-15   blocked
23:30:01            0      1119      0.51      0.53      0.33         0
23:40:00            1      1427      0.99      0.90      0.58         0
23:50:11            2      1528      0.63      0.87      0.71         0
Average:            1      1358      0.71      0.77      0.54         0

23:21:25          TTY   rcvin/s   xmtin/s framerr/s prtyerr/s     brk/s   ovrun/s
23:30:01            0      0.00      0.00      0.00      0.00      0.00      0.00
23:40:00            0      0.00      0.00      0.00      0.00      0.00      0.00
23:50:11            0      0.00      0.00      0.00      0.00      0.00      0.00
Average:            0      0.00      0.00      0.00      0.00      0.00      0.00

23:21:25          DEV       tps     rkB/s     wkB/s     dkB/s   areq-sz    aqu-sz     await     %util
23:30:01        loop0      0.00      0.00      0.00      0.00      0.00      0.00      0.00      0.00
23:30:01        loop1      0.14      3.84      0.00      0.00     27.16      0.00      0.19      0.00
23:30:01        loop2      0.50     27.35      0.00      0.00     54.95      0.00      0.25      0.01
23:30:01        loop3      0.07      2.95      0.00      0.00     40.13      0.00      0.18      0.00
23:30:01        loop4      0.48      4.84      0.00      0.00     10.12      0.00      0.06      0.00
23:30:01        loop5      1.20      3.20      0.00      0.00      2.66      0.00      0.00      0.00
23:30:01        loop6      0.00      0.00      0.00      0.00      0.00      0.00      0.00      0.00
23:30:01        loop7      0.00      0.00      0.00      0.00      0.00      0.00      0.00      0.00
23:30:01      nvme1n1      0.00      0.00      0.00      0.00      0.00      0.00      0.00      0.00
23:30:01      nvme0n1    102.50    230.42   2709.28      0.00     28.68      0.09      0.82      2.39
23:30:01         dm-0    168.36    230.42   2709.25      0.00     17.46      0.52      3.12      2.56
23:30:01         dm-1    166.96    230.42   2709.25      0.00     17.61      0.50      2.99      2.98
23:30:01        loop8      0.00      0.00      0.00      0.00      0.00      0.00      0.00      0.00
23:30:01        loop9      0.00      0.00      0.00      0.00      0.00      0.00      0.00      0.00
23:40:00        loop0      0.00      0.00      0.00      0.00      0.00      0.00      0.00      0.00
23:40:00        loop1      0.02      0.04      0.00      0.00      2.33      0.00      0.00      0.00
23:40:00        loop2      0.02      1.36      0.00      0.00     67.75      0.00      0.83      0.00
23:40:00        loop3      0.00      0.05      0.00      0.00     29.00      0.00      2.00      0.00
23:40:00        loop4      0.05      0.14      0.00      0.00      2.61      0.00      0.03      0.00
23:40:00        loop5      0.03      0.06      0.00      0.00      2.40      0.00      0.07      0.00
23:40:00        loop6      0.04      1.29      0.00      0.00     36.86      0.00      0.52      0.00
23:40:00        loop7      0.00      0.00      0.00      0.00      0.00      0.00      0.00      0.00
23:40:00      nvme1n1      0.00      0.00      0.00      0.00      0.00      0.00      0.00      0.00
23:40:00      nvme0n1     80.96    495.01   2021.44      0.00     31.08      0.07      0.74      2.32
23:40:00         dm-0    123.96    495.01   2021.44      0.00     20.30      0.12      0.93      2.64
23:40:00         dm-1    122.89    495.01   2021.44      0.00     20.48      0.10      0.77      3.62
23:40:00        loop8      0.00      0.00      0.00      0.00      0.00      0.00      0.00      0.00
23:40:00        loop9      0.00      0.00      0.00      0.00      0.00      0.00      0.00      0.00
23:50:11        loop0      0.00      0.00      0.00      0.00      0.00      0.00      0.00      0.00
23:50:11        loop1      0.08      1.36      0.00      0.00     17.31      0.00      0.17      0.00
23:50:11        loop2      0.15      4.84      0.00      0.00     31.45      0.00      0.36      0.00
23:50:11        loop3      0.00      0.00      0.00      0.00      0.00      0.00      0.00      0.00
23:50:11        loop4      0.48      2.32      0.00      0.00      4.85      0.00      0.06      0.00
23:50:11        loop5      0.68      8.22      0.00      0.00     12.13      0.00      0.02      0.00
23:50:11        loop6      0.00      0.00      0.00      0.00      2.00      0.00      0.00      0.00
23:50:11        loop7      0.00      0.00      0.00      0.00      0.00      0.00      0.00      0.00
23:50:11      nvme1n1      0.00      0.00      0.00      0.00      0.00      0.00      0.00      0.00
23:50:11      nvme0n1     44.90    219.64   2072.62      0.00     51.05      0.09      1.88      1.29
23:50:11         dm-0     73.96    219.64   2072.62      0.00     30.99      0.20      2.70      1.41
23:50:11         dm-1     72.90    219.64   2072.62      0.00     31.44      0.18      2.51      4.27
23:50:11        loop8      0.00      0.00      0.00      0.00      0.00      0.00      0.00      0.00
23:50:11        loop9      0.00      0.00      0.00      0.00      0.00      0.00      0.00      0.00
Average:        loop0      0.00      0.00      0.00      0.00      0.00      0.00      0.00      0.00
Average:        loop1      0.08      1.64      0.00      0.00     21.81      0.00      0.17      0.00
Average:        loop2      0.21     10.36      0.00      0.00     49.28      0.00      0.30      0.01
Average:        loop3      0.02      0.90      0.00      0.00     39.85      0.00      0.23      0.00
Average:        loop4      0.33      2.32      0.00      0.00      7.01      0.00      0.06      0.00
Average:        loop5      0.61      3.89      0.00      0.00      6.40      0.00      0.01      0.00
Average:        loop6      0.01      0.45      0.00      0.00     35.27      0.00      0.50      0.00
Average:        loop7      0.00      0.00      0.00      0.00      0.00      0.00      0.00      0.00
Average:      nvme1n1      0.00      0.00      0.00      0.00      0.00      0.00      0.00      0.00
Average:      nvme0n1     74.63    318.36   2245.29      0.00     34.35      0.08      1.01      1.98
Average:         dm-0    119.53    318.36   2245.28      0.00     21.45      0.27      2.24      2.18
Average:         dm-1    118.37    318.36   2245.28      0.00     21.66      0.25      2.09      3.66
Average:        loop8      0.00      0.00      0.00      0.00      0.00      0.00      0.00      0.00
Average:        loop9      0.00      0.00      0.00      0.00      0.00      0.00      0.00      0.00

23:21:25        IFACE   rxpck/s   txpck/s    rxkB/s    txkB/s   rxcmp/s   txcmp/s  rxmcst/s   %ifutil
23:30:01           lo      2.44      2.44      0.30      0.30      0.00      0.00      0.00      0.00
23:30:01       enp4s0    339.78    171.97    466.87     26.01      0.00      0.00      0.01      0.38
23:40:00           lo      1.09      1.09      0.22      0.22      0.00      0.00      0.00      0.00
23:40:00       enp4s0    198.76    103.07    275.93     11.13      0.00      0.00      0.01      0.23
23:50:11           lo      1.52      1.52      0.69      0.69      0.00      0.00      0.00      0.00
23:50:11       enp4s0    399.42    203.77    575.86     19.78      0.00      0.00      0.01      0.47
Average:           lo      1.65      1.65      0.41      0.41      0.00      0.00      0.00      0.00
Average:       enp4s0    312.00    159.34    439.25     18.64      0.00      0.00      0.01      0.36

23:21:25        IFACE   rxerr/s   txerr/s    coll/s  rxdrop/s  txdrop/s  txcarr/s  rxfram/s  rxfifo/s  txfifo/s
23:30:01           lo      0.00      0.00      0.00      0.00      0.00      0.00      0.00      0.00      0.00
23:30:01       enp4s0      0.00      0.00      0.00      0.00      0.00      0.00      0.00      0.00      0.00
23:40:00           lo      0.00      0.00      0.00      0.00      0.00      0.00      0.00      0.00      0.00
23:40:00       enp4s0      0.00      0.00      0.00      0.00      0.00      0.00      0.00      0.00      0.00
23:50:11           lo      0.00      0.00      0.00      0.00      0.00      0.00      0.00      0.00      0.00
23:50:11       enp4s0      0.00      0.00      0.00      0.00      0.00      0.00      0.00      0.00      0.00
Average:           lo      0.00      0.00      0.00      0.00      0.00      0.00      0.00      0.00      0.00
Average:       enp4s0      0.00      0.00      0.00      0.00      0.00      0.00      0.00      0.00      0.00

23:21:25       call/s retrans/s    read/s   write/s  access/s  getatt/s
23:30:01         0.00      0.00      0.00      0.00      0.00      0.00
23:40:00         0.00      0.00      0.00      0.00      0.00      0.00
23:50:11         0.00      0.00      0.00      0.00      0.00      0.00
Average:         0.00      0.00      0.00      0.00      0.00      0.00

23:21:25      scall/s badcall/s  packet/s     udp/s     tcp/s     hit/s    miss/s   sread/s  swrite/s saccess/s sgetatt/s
23:30:01         0.00      0.00      0.00      0.00      0.00      0.00      0.00      0.00      0.00      0.00      0.00
23:40:00         0.00      0.00      0.00      0.00      0.00      0.00      0.00      0.00      0.00      0.00      0.00
23:50:11         0.00      0.00      0.00      0.00      0.00      0.00      0.00      0.00      0.00      0.00      0.00
Average:         0.00      0.00      0.00      0.00      0.00      0.00      0.00      0.00      0.00      0.00      0.00

23:21:25       totsck    tcpsck    udpsck    rawsck   ip-frag    tcp-tw
23:30:01          971        25         6         0         0         5
23:40:00         1203        31         6         0         0         0
23:50:11         1255        44         6         0         0         3
Average:         1143        33         6         0         0         3

23:21:25        CPU   total/s   dropd/s squeezd/s  rx_rps/s flw_lim/s   blg_len
23:30:01        all    339.80      0.00      0.00      0.00      0.00         0
23:30:01          0      0.16      0.00      0.00      0.00      0.00         0
23:30:01          1      0.12      0.00      0.00      0.00      0.00         0
23:30:01          2    337.62      0.00      0.00      0.00      0.00         0
23:30:01          3      0.33      0.00      0.00      0.00      0.00         0
23:30:01          4      0.20      0.00      0.00      0.00      0.00         0
23:30:01          5      0.08      0.00      0.00      0.00      0.00         0
23:30:01          6      0.11      0.00      0.00      0.00      0.00         0
23:30:01          7      0.10      0.00      0.00      0.00      0.00         0
23:30:01          8      0.17      0.00      0.00      0.00      0.00         0
23:30:01          9      0.09      0.00      0.00      0.00      0.00         0
23:30:01         10      0.17      0.00      0.00      0.00      0.00         0
23:30:01         11      0.22      0.00      0.00      0.00      0.00         0
23:30:01         12      0.10      0.00      0.00      0.00      0.00         0
23:30:01         13      0.12      0.00      0.00      0.00      0.00         0
23:30:01         14      0.10      0.00      0.00      0.00      0.00         0
23:30:01         15      0.12      0.00      0.00      0.00      0.00         0
23:40:00        all    198.61      0.00      0.00      0.00      0.00         0
23:40:00          0      0.03      0.00      0.00      0.00      0.00         0
23:40:00          1      0.10      0.00      0.00      0.00      0.00         0
23:40:00          2    197.66      0.00      0.00      0.00      0.00         0
23:40:00          3      0.03      0.00      0.00      0.00      0.00         0
23:40:00          4      0.11      0.00      0.00      0.00      0.00         0
23:40:00          5      0.09      0.00      0.00      0.00      0.00         0
23:40:00          6      0.09      0.00      0.00      0.00      0.00         0
23:40:00          7      0.04      0.00      0.00      0.00      0.00         0
23:40:00          8      0.06      0.00      0.00      0.00      0.00         0
23:40:00          9      0.05      0.00      0.00      0.00      0.00         0
23:40:00         10      0.04      0.00      0.00      0.00      0.00         0
23:40:00         11      0.06      0.00      0.00      0.00      0.00         0
23:40:00         12      0.12      0.00      0.00      0.00      0.00         0
23:40:00         13      0.01      0.00      0.00      0.00      0.00         0
23:40:00         14      0.06      0.00      0.00      0.00      0.00         0
23:40:00         15      0.07      0.00      0.00      0.00      0.00         0
23:50:11        all    399.27      0.00      0.00      0.00      0.00         0
23:50:11          0      0.01      0.00      0.00      0.00      0.00         0
23:50:11          1      0.05      0.00      0.00      0.00      0.00         0
23:50:11          2    397.97      0.00      0.00      0.00      0.00         0
23:50:11          3      0.13      0.00      0.00      0.00      0.00         0
23:50:11          4      0.29      0.00      0.00      0.00      0.00         0
23:50:11          5      0.08      0.00      0.00      0.00      0.00         0
23:50:11          6      0.09      0.00      0.00      0.00      0.00         0
23:50:11          7      0.04      0.00      0.00      0.00      0.00         0
23:50:11          8      0.25      0.00      0.00      0.00      0.00         0
23:50:11          9      0.06      0.00      0.00      0.00      0.00         0
23:50:11         10      0.07      0.00      0.00      0.00      0.00         0
23:50:11         11      0.04      0.00      0.00      0.00      0.00         0
23:50:11         12      0.06      0.00      0.00      0.00      0.00         0
23:50:11         13      0.06      0.00      0.00      0.00      0.00         0
23:50:11         14      0.04      0.00      0.00      0.00      0.00         0
23:50:11         15      0.02      0.00      0.00      0.00      0.00         0
Average:        all    311.89      0.00      0.00      0.00      0.00         0
Average:          0      0.07      0.00      0.00      0.00      0.00         0
Average:          1      0.09      0.00      0.00      0.00      0.00         0
Average:          2    310.46      0.00      0.00      0.00      0.00         0
Average:          3      0.16      0.00      0.00      0.00      0.00         0
Average:          4      0.20      0.00      0.00      0.00      0.00         0
Average:          5      0.08      0.00      0.00      0.00      0.00         0
Average:          6      0.10      0.00      0.00      0.00      0.00         0
Average:          7      0.06      0.00      0.00      0.00      0.00         0
Average:          8      0.16      0.00      0.00      0.00      0.00         0
Average:          9      0.07      0.00      0.00      0.00      0.00         0
Average:         10      0.09      0.00      0.00      0.00      0.00         0
Average:         11      0.10      0.00      0.00      0.00      0.00         0
Average:         12      0.09      0.00      0.00      0.00      0.00         0
Average:         13      0.06      0.00      0.00      0.00      0.00         0
Average:         14      0.07      0.00      0.00      0.00      0.00         0
Average:         15      0.06      0.00      0.00      0.00      0.00         0

23:21:25     %scpu-10  %scpu-60 %scpu-300     %scpu
23:30:01         0.00      0.00      0.04      0.17
23:40:00         0.00      0.00      0.00      0.28
23:50:11         0.00      0.00      0.00      0.27
Average:         0.00      0.00      0.01      0.24

23:21:25      %sio-10   %sio-60  %sio-300      %sio   %fio-10   %fio-60  %fio-300      %fio
23:30:01         0.00      0.08      0.50      0.87      0.00      0.07      0.50      0.86
23:40:00         0.00      0.08      0.58      0.81      0.00      0.08      0.54      0.77
23:50:11         0.00      0.01      0.11      0.30      0.00      0.00      0.10      0.28
Average:         0.00      0.06      0.40      0.65      0.00      0.05      0.38      0.62

23:21:25     %smem-10  %smem-60 %smem-300     %smem  %fmem-10  %fmem-60 %fmem-300     %fmem
23:30:01         0.00      0.00      0.00      0.00      0.00      0.00      0.00      0.00
23:40:00         0.00      0.00      0.00      0.00      0.00      0.00      0.00      0.00
23:50:11         0.00      0.00      0.00      0.00      0.00      0.00      0.00      0.00
Average:         0.00      0.00      0.00      0.00      0.00      0.00      0.00      0.00
